1:0.4815447710184552
0:0.4904306220095694
Colorado:0.000683526999316473
Arkansas:0.0003417634996582365
Oklahoma:0.005468215994531784
Texas:0.0023923444976076554
Michigan:0.000683526999316473
Kansas:0.002050580997949419
Louisiana:0.001367053998632946
Virginia:0.0010252904989747095
New York:0.002734107997265892
Kentucky:0.0003417634996582365
Massachusetts:0.0010252904989747095
Arizona:0.0010252904989747095
Connecticut:0.0003417634996582365
Ohio:0.0010252904989747095
Maryland:0.0003417634996582365
California:0.000683526999316473
Rhode Island:0.0003417634996582365
Tennessee:0.000683526999316473
Georgia:0.002050580997949419
Alabama:0.0003417634996582365
North Carolina:0.0010252904989747095
Nebraska:0.0003417634996582365
Oregon:0.0003417634996582365
New Jersey:0.0003417634996582365
Minnesota:0.0003417634996582365
Florida:0.0003417634996582365
Pennsylvania:0.0003417634996582365
