Med:0.45010252904989745
Low:0.34962406015037595
High:0.11449077238550923
Very High:0.05775803144224197
 LLC":0.00580997949419002
 GROSSE POINTE":0.0003417634996582365
 TROY":0.0003417634996582365
 INC":0.012645249487354751
THE":0.002050580997949419
 THE":0.0023923444976076554
 RIVERSIDE":0.0003417634996582365
 BURLINGTON":0.0003417634996582365
  INC":0.0003417634996582365
  L L C":0.0003417634996582365
 AN AFFILIATE OF UAB HEALTH SYSTEM":0.0003417634996582365
 LP":0.0003417634996582365
 L L C":0.000683526999316473
 ROSLYN":0.0003417634996582365
 SACRAMENTO":0.0003417634996582365
 FAIRVIEW":0.0003417634996582365
 CARY HOSPITAL":0.0003417634996582365
 RALEIGH CAMPUS":0.0003417634996582365
