Med:0.45933014354066987
Low:0.3653451811346548
High:0.11619958988380041
Very High:0.059125085440874914
