Louisiana:0.028024606971975393
Minnesota:0.014012303485987697
Texas:0.09330143540669857
Arizona:0.01948051948051948
Massachusetts:0.015037593984962405
Ohio:0.039986329460013674
New York:0.04101161995898838
Pennsylvania:0.025290498974709502
Illinois:0.04237867395762133
Maryland:0.015379357484620642
California:0.09159261790840738
Oregon:0.010936431989063569
South Carolina:0.01845522898154477
North Carolina:0.02631578947368421
Michigan:0.02836637047163363
Iowa:0.01161995898838004
Mississippi:0.018796992481203006
Oklahoma:0.021872863978127138
Utah:0.010252904989747095
New Mexico:0.00888585099111415
North Dakota:0.0023923444976076554
Alabama:0.028024606971975393
0:0.026657552973342446
Florida:0.05331510594668489
Georgia:0.02836637047163363
Arkansas:0.014012303485987697
Colorado:0.014354066985645933
Maine:0.005468215994531784
Wisconsin:0.0215311004784689
New Jersey:0.012987012987012988
Virginia:0.022556390977443608
South Dakota:0.006151742993848257
Nevada:0.007177033492822967
Kentucky:0.018796992481203006
Tennessee:0.026999316473000683
Missouri:0.020164046479835954
1:0.001367053998632946
Delaware:0.0017088174982911825
West Virginia:0.009911141490088858
Nebraska:0.00786056049213944
Montana:0.004101161995898838
Indiana:0.02563226247436774
Kansas:0.01572112098427888
Vermont:0.0017088174982911825
Connecticut:0.008544087491455913
Wyoming:0.003417634996582365
Washington:0.016062884483937116
New Hampshire:0.004442925495557075
Alaska:0.001367053998632946
Idaho:0.003417634996582365
Hawaii:0.002050580997949419
Rhode Island:0.002734107997265892
