Louisiana:0.02939166097060834
Minnesota:0.014354066985645933
Texas:0.09569377990430622
Arizona:0.02050580997949419
Massachusetts:0.016062884483937116
Ohio:0.04101161995898838
New York:0.043745727956254275
Pennsylvania:0.02563226247436774
Illinois:0.04237867395762133
Maryland:0.01572112098427888
California:0.09227614490772386
Oregon:0.011278195488721804
South Carolina:0.01845522898154477
North Carolina:0.02734107997265892
Michigan:0.029049897470950103
Iowa:0.01161995898838004
Mississippi:0.018796992481203006
Oklahoma:0.02734107997265892
Utah:0.010252904989747095
New Mexico:0.00888585099111415
North Dakota:0.0023923444976076554
Alabama:0.02836637047163363
Colorado:0.015037593984962405
Florida:0.05365686944634313
Georgia:0.030416951469583047
Arkansas:0.014354066985645933
Maine:0.005468215994531784
Wisconsin:0.0215311004784689
New Jersey:0.013328776486671223
Virginia:0.023581681476418318
South Dakota:0.006151742993848257
Nevada:0.007177033492822967
Kentucky:0.019138755980861243
Tennessee:0.027682843472317156
Missouri:0.020164046479835954
Delaware:0.0017088174982911825
West Virginia:0.009911141490088858
Nebraska:0.008202323991797676
Montana:0.004101161995898838
Kansas:0.0177717019822283
Indiana:0.02563226247436774
Vermont:0.0017088174982911825
Connecticut:0.00888585099111415
Wyoming:0.003417634996582365
Washington:0.016062884483937116
New Hampshire:0.004442925495557075
Alaska:0.001367053998632946
Idaho:0.003417634996582365
Hawaii:0.002050580997949419
Rhode Island:0.0030758714969241286
